#OMNISIM R2025a utf8
# ALOHA battery episode. Scene dimensions and dynamics are estimates.
EXTERNPROTO "omnisim://projects/objects/backgrounds/protos/OmniSimSky.proto"
EXTERNPROTO "omnisim://projects/objects/lights/protos/OmniSimSun.proto"
EXTERNPROTO "omnisim://projects/objects/lights/protos/OmniSimSunMarker.proto"
WorldInfo {
  title "Spring probe 9953520f2fad4763a5f6d87bb6a6a8e2"
  basicTimeStep 1
  newtonSolver "mujoco"
  newtonCompoundColliders TRUE
  newtonGroundMu 3
  newtonContactKe 160000
  newtonContactKd 800
  newtonCone "elliptic"
  newtonImpratio 10
  newtonNoslipIterations 5
  newtonCondim 6
}
Viewpoint { position .01 -.12 1.08 orientation -0.5532104411566534 0.5532104411566534 0.6228293631409187 2.027518883682377 fieldOfView 1.15 exposure .85 }
OmniSimSky { }
DEF SUN OmniSimSun { }
DEF SUN_MARKER OmniSimSunMarker { }
DEF TABLE Solid {
 translation 0 0 -.015
 name "table"
 newtonFriction .5
 children [ Shape { appearance PBRAppearance { baseColor .08 .09 .10 roughness .72 metalness 0 } geometry Box { size 1.5 1 .05 } } ]
 boundingObject Box { size 1.5 1 .05 }
}
DEF REMOTE Solid {
 translation -.058 .043 .010
 name "remote"
 newtonFriction .3
 children [
 Pose { translation 0 0 0.003 children [ Shape { appearance PBRAppearance { baseColor .92 .92 .87 roughness .65 metalness 0 } geometry Box { size 0.134 0.041 0.006 } } ] }
Pose { translation -0.041 0 0.0095 children [ Shape { appearance PBRAppearance { baseColor .92 .92 .87 roughness .65 metalness 0 } geometry Box { size 0.052 0.041 0.019 } } ] }
Pose { translation 0 0.019 0.011 children [ Shape { appearance PBRAppearance { baseColor .92 .92 .87 roughness .65 metalness 0 } geometry Box { size 0.134 0.003 0.016 } } ] }
Pose { translation 0 -0.019 0.011 children [ Shape { appearance PBRAppearance { baseColor .92 .92 .87 roughness .65 metalness 0 } geometry Box { size 0.134 0.003 0.016 } } ] }
Pose { translation -0.065 0 0.011 children [ Shape { appearance PBRAppearance { baseColor .92 .92 .87 roughness .65 metalness 0 } geometry Box { size 0.004 0.038 0.016 } } ] }
Pose { translation 0.065 0 0.011 children [ Shape { appearance PBRAppearance { baseColor .92 .92 .87 roughness .65 metalness 0 } geometry Box { size 0.004 0.038 0.016 } } ] }
Pose { translation 0 0 0.011 children [ Shape { appearance PBRAppearance { baseColor .92 .92 .87 roughness .65 metalness 0 } geometry Box { size 0.134 0.002 0.012 } } ] }
Pose { translation 0.046 0 0.01 children [ Shape { appearance PBRAppearance { baseColor .92 .92 .87 roughness .65 metalness 0 } geometry Box { size 0.003 0.038 0.012 } } ] }
Pose { translation 0.0455 -0.0095 0.021 children [ Shape { appearance PBRAppearance { baseColor .92 .92 .87 roughness .65 metalness 0 } geometry Box { size 0.005 0.016 0.003 } } ] }
 Pose { translation .0175 .0095 .0128 rotation 0 1 0 1.57079632679 children [ Shape { appearance PBRAppearance { baseColor .1 .1 .1 roughness .4 metalness .4 } geometry Cylinder { radius .0065 height .05 } } ] }
 DEF POSITIVE_TERMINAL Solid {
   translation .0445 -0.0095 .0128 name "positive_terminal"
   children [ Shape { appearance PBRAppearance { baseColor .72 .74 .78 roughness .35 metalness .8 } geometry Box { size .002 .010 .014 } } ]
 }
 Pose { translation -.0141 -.0095 .0128 children [
   DEF SPRING_COIL Transform { scale 1.0001 1 1 children [ Shape {
     appearance PBRAppearance { baseColor .65 .68 .72 roughness .3 metalness .8 }
     geometry IndexedFaceSet { coord Coordinate { point [ 0.00000000 0.00335000 0.00000000, -0.00024480 0.00324749 0.00003636, -0.00034620 0.00300000 0.00005143, -0.00024480 0.00275251 0.00003636, -0.00000000 0.00265000 0.00000000, 0.00024480 0.00275251 -0.00003636, 0.00034620 0.00300000 -0.00005143, 0.00024480 0.00324749 -0.00003636, 0.00011667 0.00323585 0.00086704, -0.00012813 0.00313683 0.00087564, -0.00022953 0.00289778 0.00082613, -0.00012813 0.00265872 0.00074753, 0.00011667 0.00255970 0.00068587, 0.00036147 0.00265872 0.00067728, 0.00046287 0.00289778 0.00072678, 0.00036147 0.00313683 0.00080539, 0.00023333 0.00290119 0.00167500, -0.00001147 0.00281241 0.00165524, -0.00011287 0.00259808 0.00154454, -0.00001147 0.00238375 0.00140775, 0.00023333 0.00229497 0.00132500, 0.00047813 0.00238375 0.00134476, 0.00057953 0.00259808 0.00145546, 0.00047813 0.00281241 0.00159225, 0.00035000 0.00236881 0.00236881, 0.00010520 0.00229632 0.00232203, 0.00000380 0.00212132 0.00215768, 0.00010520 0.00194632 0.00197203, 0.00035000 0.00187383 0.00187383, 0.00059480 0.00194632 0.00192061, 0.00069620 0.00212132 0.00208496, 0.00059480 0.00229632 0.00227061, 0.00046667 0.00167500 0.00290119, 0.00022187 0.00162374 0.00283059, 0.00012047 0.00150000 0.00262379, 0.00022187 0.00137626 0.00240193, 0.00046667 0.00132500 0.00229497, 0.00071147 0.00137626 0.00236556, 0.00081287 0.00150000 0.00257236, 0.00071147 0.00162374 0.00279422, 0.00058333 0.00086704 0.00323585, 0.00033853 0.00084051 0.00314624, 0.00023713 0.00077646 0.00291109, 0.00033853 0.00071240 0.00266813, 0.00058333 0.00068587 0.00255970, 0.00082813 0.00071240 0.00264931, 0.00092953 0.00077646 0.00288447, 0.00082813 0.00084051 0.00312742, 0.00070000 0.00000000 0.00335000, 0.00045520 0.00000000 0.00324749, 0.00035380 0.00000000 0.00300000, 0.00045520 0.00000000 0.00275251, 0.00070000 0.00000000 0.00265000, 0.00094480 0.00000000 0.00275251, 0.00104620 0.00000000 0.00300000, 0.00094480 0.00000000 0.00324749, 0.00081667 -0.00086704 0.00323585, 0.00057187 -0.00084051 0.00312742, 0.00047047 -0.00077646 0.00288447, 0.00057187 -0.00071240 0.00264931, 0.00081667 -0.00068587 0.00255970, 0.00106147 -0.00071240 0.00266813, 0.00116287 -0.00077646 0.00291109, 0.00106147 -0.00084051 0.00314624, 0.00093333 -0.00167500 0.00290119, 0.00068853 -0.00162374 0.00279422, 0.00058713 -0.00150000 0.00257236, 0.00068853 -0.00137626 0.00236556, 0.00093333 -0.00132500 0.00229497, 0.00117813 -0.00137626 0.00240193, 0.00127953 -0.00150000 0.00262379, 0.00117813 -0.00162374 0.00283059, 0.00105000 -0.00236881 0.00236881, 0.00080520 -0.00229632 0.00227061, 0.00070380 -0.00212132 0.00208496, 0.00080520 -0.00194632 0.00192061, 0.00105000 -0.00187383 0.00187383, 0.00129480 -0.00194632 0.00197203, 0.00139620 -0.00212132 0.00215768, 0.00129480 -0.00229632 0.00232203, 0.00116667 -0.00290119 0.00167500, 0.00092187 -0.00281241 0.00159225, 0.00082047 -0.00259808 0.00145546, 0.00092187 -0.00238375 0.00134476, 0.00116667 -0.00229497 0.00132500, 0.00141147 -0.00238375 0.00140775, 0.00151287 -0.00259808 0.00154454, 0.00141147 -0.00281241 0.00165524, 0.00128333 -0.00323585 0.00086704, 0.00103853 -0.00313683 0.00080539, 0.00093713 -0.00289778 0.00072678, 0.00103853 -0.00265872 0.00067728, 0.00128333 -0.00255970 0.00068587, 0.00152813 -0.00265872 0.00074753, 0.00162953 -0.00289778 0.00082613, 0.00152813 -0.00313683 0.00087564, 0.00140000 -0.00335000 0.00000000, 0.00115520 -0.00324749 -0.00003636, 0.00105380 -0.00300000 -0.00005143, 0.00115520 -0.00275251 -0.00003636, 0.00140000 -0.00265000 0.00000000, 0.00164480 -0.00275251 0.00003636, 0.00174620 -0.00300000 0.00005143, 0.00164480 -0.00324749 0.00003636, 0.00151667 -0.00323585 -0.00086704, 0.00127187 -0.00313683 -0.00087564, 0.00117047 -0.00289778 -0.00082613, 0.00127187 -0.00265872 -0.00074753, 0.00151667 -0.00255970 -0.00068587, 0.00176147 -0.00265872 -0.00067728, 0.00186287 -0.00289778 -0.00072678, 0.00176147 -0.00313683 -0.00080539, 0.00163333 -0.00290119 -0.00167500, 0.00138853 -0.00281241 -0.00165524, 0.00128713 -0.00259808 -0.00154454, 0.00138853 -0.00238375 -0.00140775, 0.00163333 -0.00229497 -0.00132500, 0.00187813 -0.00238375 -0.00134476, 0.00197953 -0.00259808 -0.00145546, 0.00187813 -0.00281241 -0.00159225, 0.00175000 -0.00236881 -0.00236881, 0.00150520 -0.00229632 -0.00232203, 0.00140380 -0.00212132 -0.00215768, 0.00150520 -0.00194632 -0.00197203, 0.00175000 -0.00187383 -0.00187383, 0.00199480 -0.00194632 -0.00192061, 0.00209620 -0.00212132 -0.00208496, 0.00199480 -0.00229632 -0.00227061, 0.00186667 -0.00167500 -0.00290119, 0.00162187 -0.00162374 -0.00283059, 0.00152047 -0.00150000 -0.00262379, 0.00162187 -0.00137626 -0.00240193, 0.00186667 -0.00132500 -0.00229497, 0.00211147 -0.00137626 -0.00236556, 0.00221287 -0.00150000 -0.00257236, 0.00211147 -0.00162374 -0.00279422, 0.00198333 -0.00086704 -0.00323585, 0.00173853 -0.00084051 -0.00314624, 0.00163713 -0.00077646 -0.00291109, 0.00173853 -0.00071240 -0.00266813, 0.00198333 -0.00068587 -0.00255970, 0.00222813 -0.00071240 -0.00264931, 0.00232953 -0.00077646 -0.00288447, 0.00222813 -0.00084051 -0.00312742, 0.00210000 -0.00000000 -0.00335000, 0.00185520 -0.00000000 -0.00324749, 0.00175380 -0.00000000 -0.00300000, 0.00185520 -0.00000000 -0.00275251, 0.00210000 -0.00000000 -0.00265000, 0.00234480 -0.00000000 -0.00275251, 0.00244620 -0.00000000 -0.00300000, 0.00234480 -0.00000000 -0.00324749, 0.00221667 0.00086704 -0.00323585, 0.00197187 0.00084051 -0.00312742, 0.00187047 0.00077646 -0.00288447, 0.00197187 0.00071240 -0.00264931, 0.00221667 0.00068587 -0.00255970, 0.00246147 0.00071240 -0.00266813, 0.00256287 0.00077646 -0.00291109, 0.00246147 0.00084051 -0.00314624, 0.00233333 0.00167500 -0.00290119, 0.00208853 0.00162374 -0.00279422, 0.00198713 0.00150000 -0.00257236, 0.00208853 0.00137626 -0.00236556, 0.00233333 0.00132500 -0.00229497, 0.00257813 0.00137626 -0.00240193, 0.00267953 0.00150000 -0.00262379, 0.00257813 0.00162374 -0.00283059, 0.00245000 0.00236881 -0.00236881, 0.00220520 0.00229632 -0.00227061, 0.00210380 0.00212132 -0.00208496, 0.00220520 0.00194632 -0.00192061, 0.00245000 0.00187383 -0.00187383, 0.00269480 0.00194632 -0.00197203, 0.00279620 0.00212132 -0.00215768, 0.00269480 0.00229632 -0.00232203, 0.00256667 0.00290119 -0.00167500, 0.00232187 0.00281241 -0.00159225, 0.00222047 0.00259808 -0.00145546, 0.00232187 0.00238375 -0.00134476, 0.00256667 0.00229497 -0.00132500, 0.00281147 0.00238375 -0.00140775, 0.00291287 0.00259808 -0.00154454, 0.00281147 0.00281241 -0.00165524, 0.00268333 0.00323585 -0.00086704, 0.00243853 0.00313683 -0.00080539, 0.00233713 0.00289778 -0.00072678, 0.00243853 0.00265872 -0.00067728, 0.00268333 0.00255970 -0.00068587, 0.00292813 0.00265872 -0.00074753, 0.00302953 0.00289778 -0.00082613, 0.00292813 0.00313683 -0.00087564, 0.00280000 0.00335000 -0.00000000, 0.00255520 0.00324749 0.00003636, 0.00245380 0.00300000 0.00005143, 0.00255520 0.00275251 0.00003636, 0.00280000 0.00265000 -0.00000000, 0.00304480 0.00275251 -0.00003636, 0.00314620 0.00300000 -0.00005143, 0.00304480 0.00324749 -0.00003636, 0.00291667 0.00323585 0.00086704, 0.00267187 0.00313683 0.00087564, 0.00257047 0.00289778 0.00082613, 0.00267187 0.00265872 0.00074753, 0.00291667 0.00255970 0.00068587, 0.00316147 0.00265872 0.00067728, 0.00326287 0.00289778 0.00072678, 0.00316147 0.00313683 0.00080539, 0.00303333 0.00290119 0.00167500, 0.00278853 0.00281241 0.00165524, 0.00268713 0.00259808 0.00154454, 0.00278853 0.00238375 0.00140775, 0.00303333 0.00229497 0.00132500, 0.00327813 0.00238375 0.00134476, 0.00337953 0.00259808 0.00145546, 0.00327813 0.00281241 0.00159225, 0.00315000 0.00236881 0.00236881, 0.00290520 0.00229632 0.00232203, 0.00280380 0.00212132 0.00215768, 0.00290520 0.00194632 0.00197203, 0.00315000 0.00187383 0.00187383, 0.00339480 0.00194632 0.00192061, 0.00349620 0.00212132 0.00208496, 0.00339480 0.00229632 0.00227061, 0.00326667 0.00167500 0.00290119, 0.00302187 0.00162374 0.00283059, 0.00292047 0.00150000 0.00262379, 0.00302187 0.00137626 0.00240193, 0.00326667 0.00132500 0.00229497, 0.00351147 0.00137626 0.00236556, 0.00361287 0.00150000 0.00257236, 0.00351147 0.00162374 0.00279422, 0.00338333 0.00086704 0.00323585, 0.00313853 0.00084051 0.00314624, 0.00303713 0.00077646 0.00291109, 0.00313853 0.00071240 0.00266813, 0.00338333 0.00068587 0.00255970, 0.00362813 0.00071240 0.00264931, 0.00372953 0.00077646 0.00288447, 0.00362813 0.00084051 0.00312742, 0.00350000 0.00000000 0.00335000, 0.00325520 0.00000000 0.00324749, 0.00315380 0.00000000 0.00300000, 0.00325520 0.00000000 0.00275251, 0.00350000 0.00000000 0.00265000, 0.00374480 0.00000000 0.00275251, 0.00384620 0.00000000 0.00300000, 0.00374480 0.00000000 0.00324749, 0.00361667 -0.00086704 0.00323585, 0.00337187 -0.00084051 0.00312742, 0.00327047 -0.00077646 0.00288447, 0.00337187 -0.00071240 0.00264931, 0.00361667 -0.00068587 0.00255970, 0.00386147 -0.00071240 0.00266813, 0.00396287 -0.00077646 0.00291109, 0.00386147 -0.00084051 0.00314624, 0.00373333 -0.00167500 0.00290119, 0.00348853 -0.00162374 0.00279422, 0.00338713 -0.00150000 0.00257236, 0.00348853 -0.00137626 0.00236556, 0.00373333 -0.00132500 0.00229497, 0.00397813 -0.00137626 0.00240193, 0.00407953 -0.00150000 0.00262379, 0.00397813 -0.00162374 0.00283059, 0.00385000 -0.00236881 0.00236881, 0.00360520 -0.00229632 0.00227061, 0.00350380 -0.00212132 0.00208496, 0.00360520 -0.00194632 0.00192061, 0.00385000 -0.00187383 0.00187383, 0.00409480 -0.00194632 0.00197203, 0.00419620 -0.00212132 0.00215768, 0.00409480 -0.00229632 0.00232203, 0.00396667 -0.00290119 0.00167500, 0.00372187 -0.00281241 0.00159225, 0.00362047 -0.00259808 0.00145546, 0.00372187 -0.00238375 0.00134476, 0.00396667 -0.00229497 0.00132500, 0.00421147 -0.00238375 0.00140775, 0.00431287 -0.00259808 0.00154454, 0.00421147 -0.00281241 0.00165524, 0.00408333 -0.00323585 0.00086704, 0.00383853 -0.00313683 0.00080539, 0.00373713 -0.00289778 0.00072678, 0.00383853 -0.00265872 0.00067728, 0.00408333 -0.00255970 0.00068587, 0.00432813 -0.00265872 0.00074753, 0.00442953 -0.00289778 0.00082613, 0.00432813 -0.00313683 0.00087564, 0.00420000 -0.00335000 0.00000000, 0.00395520 -0.00324749 -0.00003636, 0.00385380 -0.00300000 -0.00005143, 0.00395520 -0.00275251 -0.00003636, 0.00420000 -0.00265000 0.00000000, 0.00444480 -0.00275251 0.00003636, 0.00454620 -0.00300000 0.00005143, 0.00444480 -0.00324749 0.00003636, 0.00431667 -0.00323585 -0.00086704, 0.00407187 -0.00313683 -0.00087564, 0.00397047 -0.00289778 -0.00082613, 0.00407187 -0.00265872 -0.00074753, 0.00431667 -0.00255970 -0.00068587, 0.00456147 -0.00265872 -0.00067728, 0.00466287 -0.00289778 -0.00072678, 0.00456147 -0.00313683 -0.00080539, 0.00443333 -0.00290119 -0.00167500, 0.00418853 -0.00281241 -0.00165524, 0.00408713 -0.00259808 -0.00154454, 0.00418853 -0.00238375 -0.00140775, 0.00443333 -0.00229497 -0.00132500, 0.00467813 -0.00238375 -0.00134476, 0.00477953 -0.00259808 -0.00145546, 0.00467813 -0.00281241 -0.00159225, 0.00455000 -0.00236881 -0.00236881, 0.00430520 -0.00229632 -0.00232203, 0.00420380 -0.00212132 -0.00215768, 0.00430520 -0.00194632 -0.00197203, 0.00455000 -0.00187383 -0.00187383, 0.00479480 -0.00194632 -0.00192061, 0.00489620 -0.00212132 -0.00208496, 0.00479480 -0.00229632 -0.00227061, 0.00466667 -0.00167500 -0.00290119, 0.00442187 -0.00162374 -0.00283059, 0.00432047 -0.00150000 -0.00262379, 0.00442187 -0.00137626 -0.00240193, 0.00466667 -0.00132500 -0.00229497, 0.00491147 -0.00137626 -0.00236556, 0.00501287 -0.00150000 -0.00257236, 0.00491147 -0.00162374 -0.00279422, 0.00478333 -0.00086704 -0.00323585, 0.00453853 -0.00084051 -0.00314624, 0.00443713 -0.00077646 -0.00291109, 0.00453853 -0.00071240 -0.00266813, 0.00478333 -0.00068587 -0.00255970, 0.00502813 -0.00071240 -0.00264931, 0.00512953 -0.00077646 -0.00288447, 0.00502813 -0.00084051 -0.00312742, 0.00490000 -0.00000000 -0.00335000, 0.00465520 -0.00000000 -0.00324749, 0.00455380 -0.00000000 -0.00300000, 0.00465520 -0.00000000 -0.00275251, 0.00490000 -0.00000000 -0.00265000, 0.00514480 -0.00000000 -0.00275251, 0.00524620 -0.00000000 -0.00300000, 0.00514480 -0.00000000 -0.00324749, 0.00501667 0.00086704 -0.00323585, 0.00477187 0.00084051 -0.00312742, 0.00467047 0.00077646 -0.00288447, 0.00477187 0.00071240 -0.00264931, 0.00501667 0.00068587 -0.00255970, 0.00526147 0.00071240 -0.00266813, 0.00536287 0.00077646 -0.00291109, 0.00526147 0.00084051 -0.00314624, 0.00513333 0.00167500 -0.00290119, 0.00488853 0.00162374 -0.00279422, 0.00478713 0.00150000 -0.00257236, 0.00488853 0.00137626 -0.00236556, 0.00513333 0.00132500 -0.00229497, 0.00537813 0.00137626 -0.00240193, 0.00547953 0.00150000 -0.00262379, 0.00537813 0.00162374 -0.00283059, 0.00525000 0.00236881 -0.00236881, 0.00500520 0.00229632 -0.00227061, 0.00490380 0.00212132 -0.00208496, 0.00500520 0.00194632 -0.00192061, 0.00525000 0.00187383 -0.00187383, 0.00549480 0.00194632 -0.00197203, 0.00559620 0.00212132 -0.00215768, 0.00549480 0.00229632 -0.00232203, 0.00536667 0.00290119 -0.00167500, 0.00512187 0.00281241 -0.00159225, 0.00502047 0.00259808 -0.00145546, 0.00512187 0.00238375 -0.00134476, 0.00536667 0.00229497 -0.00132500, 0.00561147 0.00238375 -0.00140775, 0.00571287 0.00259808 -0.00154454, 0.00561147 0.00281241 -0.00165524, 0.00548333 0.00323585 -0.00086704, 0.00523853 0.00313683 -0.00080539, 0.00513713 0.00289778 -0.00072678, 0.00523853 0.00265872 -0.00067728, 0.00548333 0.00255970 -0.00068587, 0.00572813 0.00265872 -0.00074753, 0.00582953 0.00289778 -0.00082613, 0.00572813 0.00313683 -0.00087564, 0.00560000 0.00335000 -0.00000000, 0.00535520 0.00324749 0.00003636, 0.00525380 0.00300000 0.00005143, 0.00535520 0.00275251 0.00003636, 0.00560000 0.00265000 -0.00000000, 0.00584480 0.00275251 -0.00003636, 0.00594620 0.00300000 -0.00005143, 0.00584480 0.00324749 -0.00003636, 0.00571667 0.00323585 0.00086704, 0.00547187 0.00313683 0.00087564, 0.00537047 0.00289778 0.00082613, 0.00547187 0.00265872 0.00074753, 0.00571667 0.00255970 0.00068587, 0.00596147 0.00265872 0.00067728, 0.00606287 0.00289778 0.00072678, 0.00596147 0.00313683 0.00080539, 0.00583333 0.00290119 0.00167500, 0.00558853 0.00281241 0.00165524, 0.00548713 0.00259808 0.00154454, 0.00558853 0.00238375 0.00140775, 0.00583333 0.00229497 0.00132500, 0.00607813 0.00238375 0.00134476, 0.00617953 0.00259808 0.00145546, 0.00607813 0.00281241 0.00159225, 0.00595000 0.00236881 0.00236881, 0.00570520 0.00229632 0.00232203, 0.00560380 0.00212132 0.00215768, 0.00570520 0.00194632 0.00197203, 0.00595000 0.00187383 0.00187383, 0.00619480 0.00194632 0.00192061, 0.00629620 0.00212132 0.00208496, 0.00619480 0.00229632 0.00227061, 0.00606667 0.00167500 0.00290119, 0.00582187 0.00162374 0.00283059, 0.00572047 0.00150000 0.00262379, 0.00582187 0.00137626 0.00240193, 0.00606667 0.00132500 0.00229497, 0.00631147 0.00137626 0.00236556, 0.00641287 0.00150000 0.00257236, 0.00631147 0.00162374 0.00279422, 0.00618333 0.00086704 0.00323585, 0.00593853 0.00084051 0.00314624, 0.00583713 0.00077646 0.00291109, 0.00593853 0.00071240 0.00266813, 0.00618333 0.00068587 0.00255970, 0.00642813 0.00071240 0.00264931, 0.00652953 0.00077646 0.00288447, 0.00642813 0.00084051 0.00312742, 0.00630000 0.00000000 0.00335000, 0.00605520 0.00000000 0.00324749, 0.00595380 0.00000000 0.00300000, 0.00605520 0.00000000 0.00275251, 0.00630000 0.00000000 0.00265000, 0.00654480 0.00000000 0.00275251, 0.00664620 0.00000000 0.00300000, 0.00654480 0.00000000 0.00324749, 0.00641667 -0.00086704 0.00323585, 0.00617187 -0.00084051 0.00312742, 0.00607047 -0.00077646 0.00288447, 0.00617187 -0.00071240 0.00264931, 0.00641667 -0.00068587 0.00255970, 0.00666147 -0.00071240 0.00266813, 0.00676287 -0.00077646 0.00291109, 0.00666147 -0.00084051 0.00314624, 0.00653333 -0.00167500 0.00290119, 0.00628853 -0.00162374 0.00279422, 0.00618713 -0.00150000 0.00257236, 0.00628853 -0.00137626 0.00236556, 0.00653333 -0.00132500 0.00229497, 0.00677813 -0.00137626 0.00240193, 0.00687953 -0.00150000 0.00262379, 0.00677813 -0.00162374 0.00283059, 0.00665000 -0.00236881 0.00236881, 0.00640520 -0.00229632 0.00227061, 0.00630380 -0.00212132 0.00208496, 0.00640520 -0.00194632 0.00192061, 0.00665000 -0.00187383 0.00187383, 0.00689480 -0.00194632 0.00197203, 0.00699620 -0.00212132 0.00215768, 0.00689480 -0.00229632 0.00232203, 0.00676667 -0.00290119 0.00167500, 0.00652187 -0.00281241 0.00159225, 0.00642047 -0.00259808 0.00145546, 0.00652187 -0.00238375 0.00134476, 0.00676667 -0.00229497 0.00132500, 0.00701147 -0.00238375 0.00140775, 0.00711287 -0.00259808 0.00154454, 0.00701147 -0.00281241 0.00165524, 0.00688333 -0.00323585 0.00086704, 0.00663853 -0.00313683 0.00080539, 0.00653713 -0.00289778 0.00072678, 0.00663853 -0.00265872 0.00067728, 0.00688333 -0.00255970 0.00068587, 0.00712813 -0.00265872 0.00074753, 0.00722953 -0.00289778 0.00082613, 0.00712813 -0.00313683 0.00087564, 0.00700000 -0.00335000 0.00000000, 0.00675520 -0.00324749 -0.00003636, 0.00665380 -0.00300000 -0.00005143, 0.00675520 -0.00275251 -0.00003636, 0.00700000 -0.00265000 0.00000000, 0.00724480 -0.00275251 0.00003636, 0.00734620 -0.00300000 0.00005143, 0.00724480 -0.00324749 0.00003636, 0.00711667 -0.00323585 -0.00086704, 0.00687187 -0.00313683 -0.00087564, 0.00677047 -0.00289778 -0.00082613, 0.00687187 -0.00265872 -0.00074753, 0.00711667 -0.00255970 -0.00068587, 0.00736147 -0.00265872 -0.00067728, 0.00746287 -0.00289778 -0.00072678, 0.00736147 -0.00313683 -0.00080539, 0.00723333 -0.00290119 -0.00167500, 0.00698853 -0.00281241 -0.00165524, 0.00688713 -0.00259808 -0.00154454, 0.00698853 -0.00238375 -0.00140775, 0.00723333 -0.00229497 -0.00132500, 0.00747813 -0.00238375 -0.00134476, 0.00757953 -0.00259808 -0.00145546, 0.00747813 -0.00281241 -0.00159225, 0.00735000 -0.00236881 -0.00236881, 0.00710520 -0.00229632 -0.00232203, 0.00700380 -0.00212132 -0.00215768, 0.00710520 -0.00194632 -0.00197203, 0.00735000 -0.00187383 -0.00187383, 0.00759480 -0.00194632 -0.00192061, 0.00769620 -0.00212132 -0.00208496, 0.00759480 -0.00229632 -0.00227061, 0.00746667 -0.00167500 -0.00290119, 0.00722187 -0.00162374 -0.00283059, 0.00712047 -0.00150000 -0.00262379, 0.00722187 -0.00137626 -0.00240193, 0.00746667 -0.00132500 -0.00229497, 0.00771147 -0.00137626 -0.00236556, 0.00781287 -0.00150000 -0.00257236, 0.00771147 -0.00162374 -0.00279422, 0.00758333 -0.00086704 -0.00323585, 0.00733853 -0.00084051 -0.00314624, 0.00723713 -0.00077646 -0.00291109, 0.00733853 -0.00071240 -0.00266813, 0.00758333 -0.00068587 -0.00255970, 0.00782813 -0.00071240 -0.00264931, 0.00792953 -0.00077646 -0.00288447, 0.00782813 -0.00084051 -0.00312742, 0.00770000 0.00000000 -0.00335000, 0.00745520 0.00000000 -0.00324749, 0.00735380 0.00000000 -0.00300000, 0.00745520 0.00000000 -0.00275251, 0.00770000 0.00000000 -0.00265000, 0.00794480 0.00000000 -0.00275251, 0.00804620 0.00000000 -0.00300000, 0.00794480 0.00000000 -0.00324749, 0.00781667 0.00086704 -0.00323585, 0.00757187 0.00084051 -0.00312742, 0.00747047 0.00077646 -0.00288447, 0.00757187 0.00071240 -0.00264931, 0.00781667 0.00068587 -0.00255970, 0.00806147 0.00071240 -0.00266813, 0.00816287 0.00077646 -0.00291109, 0.00806147 0.00084051 -0.00314624, 0.00793333 0.00167500 -0.00290119, 0.00768853 0.00162374 -0.00279422, 0.00758713 0.00150000 -0.00257236, 0.00768853 0.00137626 -0.00236556, 0.00793333 0.00132500 -0.00229497, 0.00817813 0.00137626 -0.00240193, 0.00827953 0.00150000 -0.00262379, 0.00817813 0.00162374 -0.00283059, 0.00805000 0.00236881 -0.00236881, 0.00780520 0.00229632 -0.00227061, 0.00770380 0.00212132 -0.00208496, 0.00780520 0.00194632 -0.00192061, 0.00805000 0.00187383 -0.00187383, 0.00829480 0.00194632 -0.00197203, 0.00839620 0.00212132 -0.00215768, 0.00829480 0.00229632 -0.00232203, 0.00816667 0.00290119 -0.00167500, 0.00792187 0.00281241 -0.00159225, 0.00782047 0.00259808 -0.00145546, 0.00792187 0.00238375 -0.00134476, 0.00816667 0.00229497 -0.00132500, 0.00841147 0.00238375 -0.00140775, 0.00851287 0.00259808 -0.00154454, 0.00841147 0.00281241 -0.00165524, 0.00828333 0.00323585 -0.00086704, 0.00803853 0.00313683 -0.00080539, 0.00793713 0.00289778 -0.00072678, 0.00803853 0.00265872 -0.00067728, 0.00828333 0.00255970 -0.00068587, 0.00852813 0.00265872 -0.00074753, 0.00862953 0.00289778 -0.00082613, 0.00852813 0.00313683 -0.00087564, 0.00840000 0.00335000 -0.00000000, 0.00815520 0.00324749 0.00003636, 0.00805380 0.00300000 0.00005143, 0.00815520 0.00275251 0.00003636, 0.00840000 0.00265000 -0.00000000, 0.00864480 0.00275251 -0.00003636, 0.00874620 0.00300000 -0.00005143, 0.00864480 0.00324749 -0.00003636, 0.00851667 0.00323585 0.00086704, 0.00827187 0.00313683 0.00087564, 0.00817047 0.00289778 0.00082613, 0.00827187 0.00265872 0.00074753, 0.00851667 0.00255970 0.00068587, 0.00876147 0.00265872 0.00067728, 0.00886287 0.00289778 0.00072678, 0.00876147 0.00313683 0.00080539, 0.00863333 0.00290119 0.00167500, 0.00838853 0.00281241 0.00165524, 0.00828713 0.00259808 0.00154454, 0.00838853 0.00238375 0.00140775, 0.00863333 0.00229497 0.00132500, 0.00887813 0.00238375 0.00134476, 0.00897953 0.00259808 0.00145546, 0.00887813 0.00281241 0.00159225, 0.00875000 0.00236881 0.00236881, 0.00850520 0.00229632 0.00232203, 0.00840380 0.00212132 0.00215768, 0.00850520 0.00194632 0.00197203, 0.00875000 0.00187383 0.00187383, 0.00899480 0.00194632 0.00192061, 0.00909620 0.00212132 0.00208496, 0.00899480 0.00229632 0.00227061, 0.00886667 0.00167500 0.00290119, 0.00862187 0.00162374 0.00283059, 0.00852047 0.00150000 0.00262379, 0.00862187 0.00137626 0.00240193, 0.00886667 0.00132500 0.00229497, 0.00911147 0.00137626 0.00236556, 0.00921287 0.00150000 0.00257236, 0.00911147 0.00162374 0.00279422, 0.00898333 0.00086704 0.00323585, 0.00873853 0.00084051 0.00314624, 0.00863713 0.00077646 0.00291109, 0.00873853 0.00071240 0.00266813, 0.00898333 0.00068587 0.00255970, 0.00922813 0.00071240 0.00264931, 0.00932953 0.00077646 0.00288447, 0.00922813 0.00084051 0.00312742, 0.00910000 -0.00000000 0.00335000, 0.00885520 -0.00000000 0.00324749, 0.00875380 -0.00000000 0.00300000, 0.00885520 -0.00000000 0.00275251, 0.00910000 -0.00000000 0.00265000, 0.00934480 -0.00000000 0.00275251, 0.00944620 -0.00000000 0.00300000, 0.00934480 -0.00000000 0.00324749, 0.00921667 -0.00086704 0.00323585, 0.00897187 -0.00084051 0.00312742, 0.00887047 -0.00077646 0.00288447, 0.00897187 -0.00071240 0.00264931, 0.00921667 -0.00068587 0.00255970, 0.00946147 -0.00071240 0.00266813, 0.00956287 -0.00077646 0.00291109, 0.00946147 -0.00084051 0.00314624, 0.00933333 -0.00167500 0.00290119, 0.00908853 -0.00162374 0.00279422, 0.00898713 -0.00150000 0.00257236, 0.00908853 -0.00137626 0.00236556, 0.00933333 -0.00132500 0.00229497, 0.00957813 -0.00137626 0.00240193, 0.00967953 -0.00150000 0.00262379, 0.00957813 -0.00162374 0.00283059, 0.00945000 -0.00236881 0.00236881, 0.00920520 -0.00229632 0.00227061, 0.00910380 -0.00212132 0.00208496, 0.00920520 -0.00194632 0.00192061, 0.00945000 -0.00187383 0.00187383, 0.00969480 -0.00194632 0.00197203, 0.00979620 -0.00212132 0.00215768, 0.00969480 -0.00229632 0.00232203, 0.00956667 -0.00290119 0.00167500, 0.00932187 -0.00281241 0.00159225, 0.00922047 -0.00259808 0.00145546, 0.00932187 -0.00238375 0.00134476, 0.00956667 -0.00229497 0.00132500, 0.00981147 -0.00238375 0.00140775, 0.00991287 -0.00259808 0.00154454, 0.00981147 -0.00281241 0.00165524, 0.00968333 -0.00323585 0.00086704, 0.00943853 -0.00313683 0.00080539, 0.00933713 -0.00289778 0.00072678, 0.00943853 -0.00265872 0.00067728, 0.00968333 -0.00255970 0.00068587, 0.00992813 -0.00265872 0.00074753, 0.01002953 -0.00289778 0.00082613, 0.00992813 -0.00313683 0.00087564, 0.00980000 -0.00335000 0.00000000, 0.00955520 -0.00324749 -0.00003636, 0.00945380 -0.00300000 -0.00005143, 0.00955520 -0.00275251 -0.00003636, 0.00980000 -0.00265000 0.00000000, 0.01004480 -0.00275251 0.00003636, 0.01014620 -0.00300000 0.00005143, 0.01004480 -0.00324749 0.00003636, 0.00991667 -0.00323585 -0.00086704, 0.00967187 -0.00313683 -0.00087564, 0.00957047 -0.00289778 -0.00082613, 0.00967187 -0.00265872 -0.00074753, 0.00991667 -0.00255970 -0.00068587, 0.01016147 -0.00265872 -0.00067728, 0.01026287 -0.00289778 -0.00072678, 0.01016147 -0.00313683 -0.00080539, 0.01003333 -0.00290119 -0.00167500, 0.00978853 -0.00281241 -0.00165524, 0.00968713 -0.00259808 -0.00154454, 0.00978853 -0.00238375 -0.00140775, 0.01003333 -0.00229497 -0.00132500, 0.01027813 -0.00238375 -0.00134476, 0.01037953 -0.00259808 -0.00145546, 0.01027813 -0.00281241 -0.00159225, 0.01015000 -0.00236881 -0.00236881, 0.00990520 -0.00229632 -0.00232203, 0.00980380 -0.00212132 -0.00215768, 0.00990520 -0.00194632 -0.00197203, 0.01015000 -0.00187383 -0.00187383, 0.01039480 -0.00194632 -0.00192061, 0.01049620 -0.00212132 -0.00208496, 0.01039480 -0.00229632 -0.00227061, 0.01026667 -0.00167500 -0.00290119, 0.01002187 -0.00162374 -0.00283059, 0.00992047 -0.00150000 -0.00262379, 0.01002187 -0.00137626 -0.00240193, 0.01026667 -0.00132500 -0.00229497, 0.01051147 -0.00137626 -0.00236556, 0.01061287 -0.00150000 -0.00257236, 0.01051147 -0.00162374 -0.00279422, 0.01038333 -0.00086704 -0.00323585, 0.01013853 -0.00084051 -0.00314624, 0.01003713 -0.00077646 -0.00291109, 0.01013853 -0.00071240 -0.00266813, 0.01038333 -0.00068587 -0.00255970, 0.01062813 -0.00071240 -0.00264931, 0.01072953 -0.00077646 -0.00288447, 0.01062813 -0.00084051 -0.00312742, 0.01050000 -0.00000000 -0.00335000, 0.01025520 -0.00000000 -0.00324749, 0.01015380 -0.00000000 -0.00300000, 0.01025520 -0.00000000 -0.00275251, 0.01050000 -0.00000000 -0.00265000, 0.01074480 -0.00000000 -0.00275251, 0.01084620 -0.00000000 -0.00300000, 0.01074480 -0.00000000 -0.00324749, 0.01061667 0.00086704 -0.00323585, 0.01037187 0.00084051 -0.00312742, 0.01027047 0.00077646 -0.00288447, 0.01037187 0.00071240 -0.00264931, 0.01061667 0.00068587 -0.00255970, 0.01086147 0.00071240 -0.00266813, 0.01096287 0.00077646 -0.00291109, 0.01086147 0.00084051 -0.00314624, 0.01073333 0.00167500 -0.00290119, 0.01048853 0.00162374 -0.00279422, 0.01038713 0.00150000 -0.00257236, 0.01048853 0.00137626 -0.00236556, 0.01073333 0.00132500 -0.00229497, 0.01097813 0.00137626 -0.00240193, 0.01107953 0.00150000 -0.00262379, 0.01097813 0.00162374 -0.00283059, 0.01085000 0.00236881 -0.00236881, 0.01060520 0.00229632 -0.00227061, 0.01050380 0.00212132 -0.00208496, 0.01060520 0.00194632 -0.00192061, 0.01085000 0.00187383 -0.00187383, 0.01109480 0.00194632 -0.00197203, 0.01119620 0.00212132 -0.00215768, 0.01109480 0.00229632 -0.00232203, 0.01096667 0.00290119 -0.00167500, 0.01072187 0.00281241 -0.00159225, 0.01062047 0.00259808 -0.00145546, 0.01072187 0.00238375 -0.00134476, 0.01096667 0.00229497 -0.00132500, 0.01121147 0.00238375 -0.00140775, 0.01131287 0.00259808 -0.00154454, 0.01121147 0.00281241 -0.00165524, 0.01108333 0.00323585 -0.00086704, 0.01083853 0.00313683 -0.00080539, 0.01073713 0.00289778 -0.00072678, 0.01083853 0.00265872 -0.00067728, 0.01108333 0.00255970 -0.00068587, 0.01132813 0.00265872 -0.00074753, 0.01142953 0.00289778 -0.00082613, 0.01132813 0.00313683 -0.00087564, 0.01120000 0.00335000 -0.00000000, 0.01095520 0.00324749 0.00003636, 0.01085380 0.00300000 0.00005143, 0.01095520 0.00275251 0.00003636, 0.01120000 0.00265000 -0.00000000, 0.01144480 0.00275251 -0.00003636, 0.01154620 0.00300000 -0.00005143, 0.01144480 0.00324749 -0.00003636, 0.01131667 0.00323585 0.00086704, 0.01107187 0.00313683 0.00087564, 0.01097047 0.00289778 0.00082613, 0.01107187 0.00265872 0.00074753, 0.01131667 0.00255970 0.00068587, 0.01156147 0.00265872 0.00067728, 0.01166287 0.00289778 0.00072678, 0.01156147 0.00313683 0.00080539, 0.01143333 0.00290119 0.00167500, 0.01118853 0.00281241 0.00165524, 0.01108713 0.00259808 0.00154454, 0.01118853 0.00238375 0.00140775, 0.01143333 0.00229497 0.00132500, 0.01167813 0.00238375 0.00134476, 0.01177953 0.00259808 0.00145546, 0.01167813 0.00281241 0.00159225, 0.01155000 0.00236881 0.00236881, 0.01130520 0.00229632 0.00232203, 0.01120380 0.00212132 0.00215768, 0.01130520 0.00194632 0.00197203, 0.01155000 0.00187383 0.00187383, 0.01179480 0.00194632 0.00192061, 0.01189620 0.00212132 0.00208496, 0.01179480 0.00229632 0.00227061, 0.01166667 0.00167500 0.00290119, 0.01142187 0.00162374 0.00283059, 0.01132047 0.00150000 0.00262379, 0.01142187 0.00137626 0.00240193, 0.01166667 0.00132500 0.00229497, 0.01191147 0.00137626 0.00236556, 0.01201287 0.00150000 0.00257236, 0.01191147 0.00162374 0.00279422, 0.01178333 0.00086704 0.00323585, 0.01153853 0.00084051 0.00314624, 0.01143713 0.00077646 0.00291109, 0.01153853 0.00071240 0.00266813, 0.01178333 0.00068587 0.00255970, 0.01202813 0.00071240 0.00264931, 0.01212953 0.00077646 0.00288447, 0.01202813 0.00084051 0.00312742, 0.01190000 0.00000000 0.00335000, 0.01165520 0.00000000 0.00324749, 0.01155380 0.00000000 0.00300000, 0.01165520 0.00000000 0.00275251, 0.01190000 0.00000000 0.00265000, 0.01214480 0.00000000 0.00275251, 0.01224620 0.00000000 0.00300000, 0.01214480 0.00000000 0.00324749, 0.01201667 -0.00086704 0.00323585, 0.01177187 -0.00084051 0.00312742, 0.01167047 -0.00077646 0.00288447, 0.01177187 -0.00071240 0.00264931, 0.01201667 -0.00068587 0.00255970, 0.01226147 -0.00071240 0.00266813, 0.01236287 -0.00077646 0.00291109, 0.01226147 -0.00084051 0.00314624, 0.01213333 -0.00167500 0.00290119, 0.01188853 -0.00162374 0.00279422, 0.01178713 -0.00150000 0.00257236, 0.01188853 -0.00137626 0.00236556, 0.01213333 -0.00132500 0.00229497, 0.01237813 -0.00137626 0.00240193, 0.01247953 -0.00150000 0.00262379, 0.01237813 -0.00162374 0.00283059, 0.01225000 -0.00236881 0.00236881, 0.01200520 -0.00229632 0.00227061, 0.01190380 -0.00212132 0.00208496, 0.01200520 -0.00194632 0.00192061, 0.01225000 -0.00187383 0.00187383, 0.01249480 -0.00194632 0.00197203, 0.01259620 -0.00212132 0.00215768, 0.01249480 -0.00229632 0.00232203, 0.01236667 -0.00290119 0.00167500, 0.01212187 -0.00281241 0.00159225, 0.01202047 -0.00259808 0.00145546, 0.01212187 -0.00238375 0.00134476, 0.01236667 -0.00229497 0.00132500, 0.01261147 -0.00238375 0.00140775, 0.01271287 -0.00259808 0.00154454, 0.01261147 -0.00281241 0.00165524, 0.01248333 -0.00323585 0.00086704, 0.01223853 -0.00313683 0.00080539, 0.01213713 -0.00289778 0.00072678, 0.01223853 -0.00265872 0.00067728, 0.01248333 -0.00255970 0.00068587, 0.01272813 -0.00265872 0.00074753, 0.01282953 -0.00289778 0.00082613, 0.01272813 -0.00313683 0.00087564, 0.01260000 -0.00335000 0.00000000, 0.01235520 -0.00324749 -0.00003636, 0.01225380 -0.00300000 -0.00005143, 0.01235520 -0.00275251 -0.00003636, 0.01260000 -0.00265000 0.00000000, 0.01284480 -0.00275251 0.00003636, 0.01294620 -0.00300000 0.00005143, 0.01284480 -0.00324749 0.00003636, 0.01271667 -0.00323585 -0.00086704, 0.01247187 -0.00313683 -0.00087564, 0.01237047 -0.00289778 -0.00082613, 0.01247187 -0.00265872 -0.00074753, 0.01271667 -0.00255970 -0.00068587, 0.01296147 -0.00265872 -0.00067728, 0.01306287 -0.00289778 -0.00072678, 0.01296147 -0.00313683 -0.00080539, 0.01283333 -0.00290119 -0.00167500, 0.01258853 -0.00281241 -0.00165524, 0.01248713 -0.00259808 -0.00154454, 0.01258853 -0.00238375 -0.00140775, 0.01283333 -0.00229497 -0.00132500, 0.01307813 -0.00238375 -0.00134476, 0.01317953 -0.00259808 -0.00145546, 0.01307813 -0.00281241 -0.00159225, 0.01295000 -0.00236881 -0.00236881, 0.01270520 -0.00229632 -0.00232203, 0.01260380 -0.00212132 -0.00215768, 0.01270520 -0.00194632 -0.00197203, 0.01295000 -0.00187383 -0.00187383, 0.01319480 -0.00194632 -0.00192061, 0.01329620 -0.00212132 -0.00208496, 0.01319480 -0.00229632 -0.00227061, 0.01306667 -0.00167500 -0.00290119, 0.01282187 -0.00162374 -0.00283059, 0.01272047 -0.00150000 -0.00262379, 0.01282187 -0.00137626 -0.00240193, 0.01306667 -0.00132500 -0.00229497, 0.01331147 -0.00137626 -0.00236556, 0.01341287 -0.00150000 -0.00257236, 0.01331147 -0.00162374 -0.00279422, 0.01318333 -0.00086704 -0.00323585, 0.01293853 -0.00084051 -0.00314624, 0.01283713 -0.00077646 -0.00291109, 0.01293853 -0.00071240 -0.00266813, 0.01318333 -0.00068587 -0.00255970, 0.01342813 -0.00071240 -0.00264931, 0.01352953 -0.00077646 -0.00288447, 0.01342813 -0.00084051 -0.00312742, 0.01330000 -0.00000000 -0.00335000, 0.01305520 -0.00000000 -0.00324749, 0.01295380 -0.00000000 -0.00300000, 0.01305520 -0.00000000 -0.00275251, 0.01330000 -0.00000000 -0.00265000, 0.01354480 -0.00000000 -0.00275251, 0.01364620 -0.00000000 -0.00300000, 0.01354480 -0.00000000 -0.00324749, 0.01341667 0.00086704 -0.00323585, 0.01317187 0.00084051 -0.00312742, 0.01307047 0.00077646 -0.00288447, 0.01317187 0.00071240 -0.00264931, 0.01341667 0.00068587 -0.00255970, 0.01366147 0.00071240 -0.00266813, 0.01376287 0.00077646 -0.00291109, 0.01366147 0.00084051 -0.00314624, 0.01353333 0.00167500 -0.00290119, 0.01328853 0.00162374 -0.00279422, 0.01318713 0.00150000 -0.00257236, 0.01328853 0.00137626 -0.00236556, 0.01353333 0.00132500 -0.00229497, 0.01377813 0.00137626 -0.00240193, 0.01387953 0.00150000 -0.00262379, 0.01377813 0.00162374 -0.00283059, 0.01365000 0.00236881 -0.00236881, 0.01340520 0.00229632 -0.00227061, 0.01330380 0.00212132 -0.00208496, 0.01340520 0.00194632 -0.00192061, 0.01365000 0.00187383 -0.00187383, 0.01389480 0.00194632 -0.00197203, 0.01399620 0.00212132 -0.00215768, 0.01389480 0.00229632 -0.00232203, 0.01376667 0.00290119 -0.00167500, 0.01352187 0.00281241 -0.00159225, 0.01342047 0.00259808 -0.00145546, 0.01352187 0.00238375 -0.00134476, 0.01376667 0.00229497 -0.00132500, 0.01401147 0.00238375 -0.00140775, 0.01411287 0.00259808 -0.00154454, 0.01401147 0.00281241 -0.00165524, 0.01388333 0.00323585 -0.00086704, 0.01363853 0.00313683 -0.00080539, 0.01353713 0.00289778 -0.00072678, 0.01363853 0.00265872 -0.00067728, 0.01388333 0.00255970 -0.00068587, 0.01412813 0.00265872 -0.00074753, 0.01422953 0.00289778 -0.00082613, 0.01412813 0.00313683 -0.00087564, 0.01400000 0.00335000 -0.00000000, 0.01375520 0.00324749 0.00003636, 0.01365380 0.00300000 0.00005143, 0.01375520 0.00275251 0.00003636, 0.01400000 0.00265000 -0.00000000, 0.01424480 0.00275251 -0.00003636, 0.01434620 0.00300000 -0.00005143, 0.01424480 0.00324749 -0.00003636 ] } coordIndex [ 0 1 9 8 -1 1 2 10 9 -1 2 3 11 10 -1 3 4 12 11 -1 4 5 13 12 -1 5 6 14 13 -1 6 7 15 14 -1 7 0 8 15 -1 8 9 17 16 -1 9 10 18 17 -1 10 11 19 18 -1 11 12 20 19 -1 12 13 21 20 -1 13 14 22 21 -1 14 15 23 22 -1 15 8 16 23 -1 16 17 25 24 -1 17 18 26 25 -1 18 19 27 26 -1 19 20 28 27 -1 20 21 29 28 -1 21 22 30 29 -1 22 23 31 30 -1 23 16 24 31 -1 24 25 33 32 -1 25 26 34 33 -1 26 27 35 34 -1 27 28 36 35 -1 28 29 37 36 -1 29 30 38 37 -1 30 31 39 38 -1 31 24 32 39 -1 32 33 41 40 -1 33 34 42 41 -1 34 35 43 42 -1 35 36 44 43 -1 36 37 45 44 -1 37 38 46 45 -1 38 39 47 46 -1 39 32 40 47 -1 40 41 49 48 -1 41 42 50 49 -1 42 43 51 50 -1 43 44 52 51 -1 44 45 53 52 -1 45 46 54 53 -1 46 47 55 54 -1 47 40 48 55 -1 48 49 57 56 -1 49 50 58 57 -1 50 51 59 58 -1 51 52 60 59 -1 52 53 61 60 -1 53 54 62 61 -1 54 55 63 62 -1 55 48 56 63 -1 56 57 65 64 -1 57 58 66 65 -1 58 59 67 66 -1 59 60 68 67 -1 60 61 69 68 -1 61 62 70 69 -1 62 63 71 70 -1 63 56 64 71 -1 64 65 73 72 -1 65 66 74 73 -1 66 67 75 74 -1 67 68 76 75 -1 68 69 77 76 -1 69 70 78 77 -1 70 71 79 78 -1 71 64 72 79 -1 72 73 81 80 -1 73 74 82 81 -1 74 75 83 82 -1 75 76 84 83 -1 76 77 85 84 -1 77 78 86 85 -1 78 79 87 86 -1 79 72 80 87 -1 80 81 89 88 -1 81 82 90 89 -1 82 83 91 90 -1 83 84 92 91 -1 84 85 93 92 -1 85 86 94 93 -1 86 87 95 94 -1 87 80 88 95 -1 88 89 97 96 -1 89 90 98 97 -1 90 91 99 98 -1 91 92 100 99 -1 92 93 101 100 -1 93 94 102 101 -1 94 95 103 102 -1 95 88 96 103 -1 96 97 105 104 -1 97 98 106 105 -1 98 99 107 106 -1 99 100 108 107 -1 100 101 109 108 -1 101 102 110 109 -1 102 103 111 110 -1 103 96 104 111 -1 104 105 113 112 -1 105 106 114 113 -1 106 107 115 114 -1 107 108 116 115 -1 108 109 117 116 -1 109 110 118 117 -1 110 111 119 118 -1 111 104 112 119 -1 112 113 121 120 -1 113 114 122 121 -1 114 115 123 122 -1 115 116 124 123 -1 116 117 125 124 -1 117 118 126 125 -1 118 119 127 126 -1 119 112 120 127 -1 120 121 129 128 -1 121 122 130 129 -1 122 123 131 130 -1 123 124 132 131 -1 124 125 133 132 -1 125 126 134 133 -1 126 127 135 134 -1 127 120 128 135 -1 128 129 137 136 -1 129 130 138 137 -1 130 131 139 138 -1 131 132 140 139 -1 132 133 141 140 -1 133 134 142 141 -1 134 135 143 142 -1 135 128 136 143 -1 136 137 145 144 -1 137 138 146 145 -1 138 139 147 146 -1 139 140 148 147 -1 140 141 149 148 -1 141 142 150 149 -1 142 143 151 150 -1 143 136 144 151 -1 144 145 153 152 -1 145 146 154 153 -1 146 147 155 154 -1 147 148 156 155 -1 148 149 157 156 -1 149 150 158 157 -1 150 151 159 158 -1 151 144 152 159 -1 152 153 161 160 -1 153 154 162 161 -1 154 155 163 162 -1 155 156 164 163 -1 156 157 165 164 -1 157 158 166 165 -1 158 159 167 166 -1 159 152 160 167 -1 160 161 169 168 -1 161 162 170 169 -1 162 163 171 170 -1 163 164 172 171 -1 164 165 173 172 -1 165 166 174 173 -1 166 167 175 174 -1 167 160 168 175 -1 168 169 177 176 -1 169 170 178 177 -1 170 171 179 178 -1 171 172 180 179 -1 172 173 181 180 -1 173 174 182 181 -1 174 175 183 182 -1 175 168 176 183 -1 176 177 185 184 -1 177 178 186 185 -1 178 179 187 186 -1 179 180 188 187 -1 180 181 189 188 -1 181 182 190 189 -1 182 183 191 190 -1 183 176 184 191 -1 184 185 193 192 -1 185 186 194 193 -1 186 187 195 194 -1 187 188 196 195 -1 188 189 197 196 -1 189 190 198 197 -1 190 191 199 198 -1 191 184 192 199 -1 192 193 201 200 -1 193 194 202 201 -1 194 195 203 202 -1 195 196 204 203 -1 196 197 205 204 -1 197 198 206 205 -1 198 199 207 206 -1 199 192 200 207 -1 200 201 209 208 -1 201 202 210 209 -1 202 203 211 210 -1 203 204 212 211 -1 204 205 213 212 -1 205 206 214 213 -1 206 207 215 214 -1 207 200 208 215 -1 208 209 217 216 -1 209 210 218 217 -1 210 211 219 218 -1 211 212 220 219 -1 212 213 221 220 -1 213 214 222 221 -1 214 215 223 222 -1 215 208 216 223 -1 216 217 225 224 -1 217 218 226 225 -1 218 219 227 226 -1 219 220 228 227 -1 220 221 229 228 -1 221 222 230 229 -1 222 223 231 230 -1 223 216 224 231 -1 224 225 233 232 -1 225 226 234 233 -1 226 227 235 234 -1 227 228 236 235 -1 228 229 237 236 -1 229 230 238 237 -1 230 231 239 238 -1 231 224 232 239 -1 232 233 241 240 -1 233 234 242 241 -1 234 235 243 242 -1 235 236 244 243 -1 236 237 245 244 -1 237 238 246 245 -1 238 239 247 246 -1 239 232 240 247 -1 240 241 249 248 -1 241 242 250 249 -1 242 243 251 250 -1 243 244 252 251 -1 244 245 253 252 -1 245 246 254 253 -1 246 247 255 254 -1 247 240 248 255 -1 248 249 257 256 -1 249 250 258 257 -1 250 251 259 258 -1 251 252 260 259 -1 252 253 261 260 -1 253 254 262 261 -1 254 255 263 262 -1 255 248 256 263 -1 256 257 265 264 -1 257 258 266 265 -1 258 259 267 266 -1 259 260 268 267 -1 260 261 269 268 -1 261 262 270 269 -1 262 263 271 270 -1 263 256 264 271 -1 264 265 273 272 -1 265 266 274 273 -1 266 267 275 274 -1 267 268 276 275 -1 268 269 277 276 -1 269 270 278 277 -1 270 271 279 278 -1 271 264 272 279 -1 272 273 281 280 -1 273 274 282 281 -1 274 275 283 282 -1 275 276 284 283 -1 276 277 285 284 -1 277 278 286 285 -1 278 279 287 286 -1 279 272 280 287 -1 280 281 289 288 -1 281 282 290 289 -1 282 283 291 290 -1 283 284 292 291 -1 284 285 293 292 -1 285 286 294 293 -1 286 287 295 294 -1 287 280 288 295 -1 288 289 297 296 -1 289 290 298 297 -1 290 291 299 298 -1 291 292 300 299 -1 292 293 301 300 -1 293 294 302 301 -1 294 295 303 302 -1 295 288 296 303 -1 296 297 305 304 -1 297 298 306 305 -1 298 299 307 306 -1 299 300 308 307 -1 300 301 309 308 -1 301 302 310 309 -1 302 303 311 310 -1 303 296 304 311 -1 304 305 313 312 -1 305 306 314 313 -1 306 307 315 314 -1 307 308 316 315 -1 308 309 317 316 -1 309 310 318 317 -1 310 311 319 318 -1 311 304 312 319 -1 312 313 321 320 -1 313 314 322 321 -1 314 315 323 322 -1 315 316 324 323 -1 316 317 325 324 -1 317 318 326 325 -1 318 319 327 326 -1 319 312 320 327 -1 320 321 329 328 -1 321 322 330 329 -1 322 323 331 330 -1 323 324 332 331 -1 324 325 333 332 -1 325 326 334 333 -1 326 327 335 334 -1 327 320 328 335 -1 328 329 337 336 -1 329 330 338 337 -1 330 331 339 338 -1 331 332 340 339 -1 332 333 341 340 -1 333 334 342 341 -1 334 335 343 342 -1 335 328 336 343 -1 336 337 345 344 -1 337 338 346 345 -1 338 339 347 346 -1 339 340 348 347 -1 340 341 349 348 -1 341 342 350 349 -1 342 343 351 350 -1 343 336 344 351 -1 344 345 353 352 -1 345 346 354 353 -1 346 347 355 354 -1 347 348 356 355 -1 348 349 357 356 -1 349 350 358 357 -1 350 351 359 358 -1 351 344 352 359 -1 352 353 361 360 -1 353 354 362 361 -1 354 355 363 362 -1 355 356 364 363 -1 356 357 365 364 -1 357 358 366 365 -1 358 359 367 366 -1 359 352 360 367 -1 360 361 369 368 -1 361 362 370 369 -1 362 363 371 370 -1 363 364 372 371 -1 364 365 373 372 -1 365 366 374 373 -1 366 367 375 374 -1 367 360 368 375 -1 368 369 377 376 -1 369 370 378 377 -1 370 371 379 378 -1 371 372 380 379 -1 372 373 381 380 -1 373 374 382 381 -1 374 375 383 382 -1 375 368 376 383 -1 376 377 385 384 -1 377 378 386 385 -1 378 379 387 386 -1 379 380 388 387 -1 380 381 389 388 -1 381 382 390 389 -1 382 383 391 390 -1 383 376 384 391 -1 384 385 393 392 -1 385 386 394 393 -1 386 387 395 394 -1 387 388 396 395 -1 388 389 397 396 -1 389 390 398 397 -1 390 391 399 398 -1 391 384 392 399 -1 392 393 401 400 -1 393 394 402 401 -1 394 395 403 402 -1 395 396 404 403 -1 396 397 405 404 -1 397 398 406 405 -1 398 399 407 406 -1 399 392 400 407 -1 400 401 409 408 -1 401 402 410 409 -1 402 403 411 410 -1 403 404 412 411 -1 404 405 413 412 -1 405 406 414 413 -1 406 407 415 414 -1 407 400 408 415 -1 408 409 417 416 -1 409 410 418 417 -1 410 411 419 418 -1 411 412 420 419 -1 412 413 421 420 -1 413 414 422 421 -1 414 415 423 422 -1 415 408 416 423 -1 416 417 425 424 -1 417 418 426 425 -1 418 419 427 426 -1 419 420 428 427 -1 420 421 429 428 -1 421 422 430 429 -1 422 423 431 430 -1 423 416 424 431 -1 424 425 433 432 -1 425 426 434 433 -1 426 427 435 434 -1 427 428 436 435 -1 428 429 437 436 -1 429 430 438 437 -1 430 431 439 438 -1 431 424 432 439 -1 432 433 441 440 -1 433 434 442 441 -1 434 435 443 442 -1 435 436 444 443 -1 436 437 445 444 -1 437 438 446 445 -1 438 439 447 446 -1 439 432 440 447 -1 440 441 449 448 -1 441 442 450 449 -1 442 443 451 450 -1 443 444 452 451 -1 444 445 453 452 -1 445 446 454 453 -1 446 447 455 454 -1 447 440 448 455 -1 448 449 457 456 -1 449 450 458 457 -1 450 451 459 458 -1 451 452 460 459 -1 452 453 461 460 -1 453 454 462 461 -1 454 455 463 462 -1 455 448 456 463 -1 456 457 465 464 -1 457 458 466 465 -1 458 459 467 466 -1 459 460 468 467 -1 460 461 469 468 -1 461 462 470 469 -1 462 463 471 470 -1 463 456 464 471 -1 464 465 473 472 -1 465 466 474 473 -1 466 467 475 474 -1 467 468 476 475 -1 468 469 477 476 -1 469 470 478 477 -1 470 471 479 478 -1 471 464 472 479 -1 472 473 481 480 -1 473 474 482 481 -1 474 475 483 482 -1 475 476 484 483 -1 476 477 485 484 -1 477 478 486 485 -1 478 479 487 486 -1 479 472 480 487 -1 480 481 489 488 -1 481 482 490 489 -1 482 483 491 490 -1 483 484 492 491 -1 484 485 493 492 -1 485 486 494 493 -1 486 487 495 494 -1 487 480 488 495 -1 488 489 497 496 -1 489 490 498 497 -1 490 491 499 498 -1 491 492 500 499 -1 492 493 501 500 -1 493 494 502 501 -1 494 495 503 502 -1 495 488 496 503 -1 496 497 505 504 -1 497 498 506 505 -1 498 499 507 506 -1 499 500 508 507 -1 500 501 509 508 -1 501 502 510 509 -1 502 503 511 510 -1 503 496 504 511 -1 504 505 513 512 -1 505 506 514 513 -1 506 507 515 514 -1 507 508 516 515 -1 508 509 517 516 -1 509 510 518 517 -1 510 511 519 518 -1 511 504 512 519 -1 512 513 521 520 -1 513 514 522 521 -1 514 515 523 522 -1 515 516 524 523 -1 516 517 525 524 -1 517 518 526 525 -1 518 519 527 526 -1 519 512 520 527 -1 520 521 529 528 -1 521 522 530 529 -1 522 523 531 530 -1 523 524 532 531 -1 524 525 533 532 -1 525 526 534 533 -1 526 527 535 534 -1 527 520 528 535 -1 528 529 537 536 -1 529 530 538 537 -1 530 531 539 538 -1 531 532 540 539 -1 532 533 541 540 -1 533 534 542 541 -1 534 535 543 542 -1 535 528 536 543 -1 536 537 545 544 -1 537 538 546 545 -1 538 539 547 546 -1 539 540 548 547 -1 540 541 549 548 -1 541 542 550 549 -1 542 543 551 550 -1 543 536 544 551 -1 544 545 553 552 -1 545 546 554 553 -1 546 547 555 554 -1 547 548 556 555 -1 548 549 557 556 -1 549 550 558 557 -1 550 551 559 558 -1 551 544 552 559 -1 552 553 561 560 -1 553 554 562 561 -1 554 555 563 562 -1 555 556 564 563 -1 556 557 565 564 -1 557 558 566 565 -1 558 559 567 566 -1 559 552 560 567 -1 560 561 569 568 -1 561 562 570 569 -1 562 563 571 570 -1 563 564 572 571 -1 564 565 573 572 -1 565 566 574 573 -1 566 567 575 574 -1 567 560 568 575 -1 568 569 577 576 -1 569 570 578 577 -1 570 571 579 578 -1 571 572 580 579 -1 572 573 581 580 -1 573 574 582 581 -1 574 575 583 582 -1 575 568 576 583 -1 576 577 585 584 -1 577 578 586 585 -1 578 579 587 586 -1 579 580 588 587 -1 580 581 589 588 -1 581 582 590 589 -1 582 583 591 590 -1 583 576 584 591 -1 584 585 593 592 -1 585 586 594 593 -1 586 587 595 594 -1 587 588 596 595 -1 588 589 597 596 -1 589 590 598 597 -1 590 591 599 598 -1 591 584 592 599 -1 592 593 601 600 -1 593 594 602 601 -1 594 595 603 602 -1 595 596 604 603 -1 596 597 605 604 -1 597 598 606 605 -1 598 599 607 606 -1 599 592 600 607 -1 600 601 609 608 -1 601 602 610 609 -1 602 603 611 610 -1 603 604 612 611 -1 604 605 613 612 -1 605 606 614 613 -1 606 607 615 614 -1 607 600 608 615 -1 608 609 617 616 -1 609 610 618 617 -1 610 611 619 618 -1 611 612 620 619 -1 612 613 621 620 -1 613 614 622 621 -1 614 615 623 622 -1 615 608 616 623 -1 616 617 625 624 -1 617 618 626 625 -1 618 619 627 626 -1 619 620 628 627 -1 620 621 629 628 -1 621 622 630 629 -1 622 623 631 630 -1 623 616 624 631 -1 624 625 633 632 -1 625 626 634 633 -1 626 627 635 634 -1 627 628 636 635 -1 628 629 637 636 -1 629 630 638 637 -1 630 631 639 638 -1 631 624 632 639 -1 632 633 641 640 -1 633 634 642 641 -1 634 635 643 642 -1 635 636 644 643 -1 636 637 645 644 -1 637 638 646 645 -1 638 639 647 646 -1 639 632 640 647 -1 640 641 649 648 -1 641 642 650 649 -1 642 643 651 650 -1 643 644 652 651 -1 644 645 653 652 -1 645 646 654 653 -1 646 647 655 654 -1 647 640 648 655 -1 648 649 657 656 -1 649 650 658 657 -1 650 651 659 658 -1 651 652 660 659 -1 652 653 661 660 -1 653 654 662 661 -1 654 655 663 662 -1 655 648 656 663 -1 656 657 665 664 -1 657 658 666 665 -1 658 659 667 666 -1 659 660 668 667 -1 660 661 669 668 -1 661 662 670 669 -1 662 663 671 670 -1 663 656 664 671 -1 664 665 673 672 -1 665 666 674 673 -1 666 667 675 674 -1 667 668 676 675 -1 668 669 677 676 -1 669 670 678 677 -1 670 671 679 678 -1 671 664 672 679 -1 672 673 681 680 -1 673 674 682 681 -1 674 675 683 682 -1 675 676 684 683 -1 676 677 685 684 -1 677 678 686 685 -1 678 679 687 686 -1 679 672 680 687 -1 680 681 689 688 -1 681 682 690 689 -1 682 683 691 690 -1 683 684 692 691 -1 684 685 693 692 -1 685 686 694 693 -1 686 687 695 694 -1 687 680 688 695 -1 688 689 697 696 -1 689 690 698 697 -1 690 691 699 698 -1 691 692 700 699 -1 692 693 701 700 -1 693 694 702 701 -1 694 695 703 702 -1 695 688 696 703 -1 696 697 705 704 -1 697 698 706 705 -1 698 699 707 706 -1 699 700 708 707 -1 700 701 709 708 -1 701 702 710 709 -1 702 703 711 710 -1 703 696 704 711 -1 704 705 713 712 -1 705 706 714 713 -1 706 707 715 714 -1 707 708 716 715 -1 708 709 717 716 -1 709 710 718 717 -1 710 711 719 718 -1 711 704 712 719 -1 712 713 721 720 -1 713 714 722 721 -1 714 715 723 722 -1 715 716 724 723 -1 716 717 725 724 -1 717 718 726 725 -1 718 719 727 726 -1 719 712 720 727 -1 720 721 729 728 -1 721 722 730 729 -1 722 723 731 730 -1 723 724 732 731 -1 724 725 733 732 -1 725 726 734 733 -1 726 727 735 734 -1 727 720 728 735 -1 728 729 737 736 -1 729 730 738 737 -1 730 731 739 738 -1 731 732 740 739 -1 732 733 741 740 -1 733 734 742 741 -1 734 735 743 742 -1 735 728 736 743 -1 736 737 745 744 -1 737 738 746 745 -1 738 739 747 746 -1 739 740 748 747 -1 740 741 749 748 -1 741 742 750 749 -1 742 743 751 750 -1 743 736 744 751 -1 744 745 753 752 -1 745 746 754 753 -1 746 747 755 754 -1 747 748 756 755 -1 748 749 757 756 -1 749 750 758 757 -1 750 751 759 758 -1 751 744 752 759 -1 752 753 761 760 -1 753 754 762 761 -1 754 755 763 762 -1 755 756 764 763 -1 756 757 765 764 -1 757 758 766 765 -1 758 759 767 766 -1 759 752 760 767 -1 760 761 769 768 -1 761 762 770 769 -1 762 763 771 770 -1 763 764 772 771 -1 764 765 773 772 -1 765 766 774 773 -1 766 767 775 774 -1 767 760 768 775 -1 768 769 777 776 -1 769 770 778 777 -1 770 771 779 778 -1 771 772 780 779 -1 772 773 781 780 -1 773 774 782 781 -1 774 775 783 782 -1 775 768 776 783 -1 776 777 785 784 -1 777 778 786 785 -1 778 779 787 786 -1 779 780 788 787 -1 780 781 789 788 -1 781 782 790 789 -1 782 783 791 790 -1 783 776 784 791 -1 784 785 793 792 -1 785 786 794 793 -1 786 787 795 794 -1 787 788 796 795 -1 788 789 797 796 -1 789 790 798 797 -1 790 791 799 798 -1 791 784 792 799 -1 792 793 801 800 -1 793 794 802 801 -1 794 795 803 802 -1 795 796 804 803 -1 796 797 805 804 -1 797 798 806 805 -1 798 799 807 806 -1 799 792 800 807 -1 800 801 809 808 -1 801 802 810 809 -1 802 803 811 810 -1 803 804 812 811 -1 804 805 813 812 -1 805 806 814 813 -1 806 807 815 814 -1 807 800 808 815 -1 808 809 817 816 -1 809 810 818 817 -1 810 811 819 818 -1 811 812 820 819 -1 812 813 821 820 -1 813 814 822 821 -1 814 815 823 822 -1 815 808 816 823 -1 816 817 825 824 -1 817 818 826 825 -1 818 819 827 826 -1 819 820 828 827 -1 820 821 829 828 -1 821 822 830 829 -1 822 823 831 830 -1 823 816 824 831 -1 824 825 833 832 -1 825 826 834 833 -1 826 827 835 834 -1 827 828 836 835 -1 828 829 837 836 -1 829 830 838 837 -1 830 831 839 838 -1 831 824 832 839 -1 832 833 841 840 -1 833 834 842 841 -1 834 835 843 842 -1 835 836 844 843 -1 836 837 845 844 -1 837 838 846 845 -1 838 839 847 846 -1 839 832 840 847 -1 840 841 849 848 -1 841 842 850 849 -1 842 843 851 850 -1 843 844 852 851 -1 844 845 853 852 -1 845 846 854 853 -1 846 847 855 854 -1 847 840 848 855 -1 848 849 857 856 -1 849 850 858 857 -1 850 851 859 858 -1 851 852 860 859 -1 852 853 861 860 -1 853 854 862 861 -1 854 855 863 862 -1 855 848 856 863 -1 856 857 865 864 -1 857 858 866 865 -1 858 859 867 866 -1 859 860 868 867 -1 860 861 869 868 -1 861 862 870 869 -1 862 863 871 870 -1 863 856 864 871 -1 864 865 873 872 -1 865 866 874 873 -1 866 867 875 874 -1 867 868 876 875 -1 868 869 877 876 -1 869 870 878 877 -1 870 871 879 878 -1 871 864 872 879 -1 872 873 881 880 -1 873 874 882 881 -1 874 875 883 882 -1 875 876 884 883 -1 876 877 885 884 -1 877 878 886 885 -1 878 879 887 886 -1 879 872 880 887 -1 880 881 889 888 -1 881 882 890 889 -1 882 883 891 890 -1 883 884 892 891 -1 884 885 893 892 -1 885 886 894 893 -1 886 887 895 894 -1 887 880 888 895 -1 888 889 897 896 -1 889 890 898 897 -1 890 891 899 898 -1 891 892 900 899 -1 892 893 901 900 -1 893 894 902 901 -1 894 895 903 902 -1 895 888 896 903 -1 896 897 905 904 -1 897 898 906 905 -1 898 899 907 906 -1 899 900 908 907 -1 900 901 909 908 -1 901 902 910 909 -1 902 903 911 910 -1 903 896 904 911 -1 904 905 913 912 -1 905 906 914 913 -1 906 907 915 914 -1 907 908 916 915 -1 908 909 917 916 -1 909 910 918 917 -1 910 911 919 918 -1 911 904 912 919 -1 912 913 921 920 -1 913 914 922 921 -1 914 915 923 922 -1 915 916 924 923 -1 916 917 925 924 -1 917 918 926 925 -1 918 919 927 926 -1 919 912 920 927 -1 920 921 929 928 -1 921 922 930 929 -1 922 923 931 930 -1 923 924 932 931 -1 924 925 933 932 -1 925 926 934 933 -1 926 927 935 934 -1 927 920 928 935 -1 928 929 937 936 -1 929 930 938 937 -1 930 931 939 938 -1 931 932 940 939 -1 932 933 941 940 -1 933 934 942 941 -1 934 935 943 942 -1 935 928 936 943 -1 936 937 945 944 -1 937 938 946 945 -1 938 939 947 946 -1 939 940 948 947 -1 940 941 949 948 -1 941 942 950 949 -1 942 943 951 950 -1 943 936 944 951 -1 944 945 953 952 -1 945 946 954 953 -1 946 947 955 954 -1 947 948 956 955 -1 948 949 957 956 -1 949 950 958 957 -1 950 951 959 958 -1 951 944 952 959 -1 952 953 961 960 -1 953 954 962 961 -1 954 955 963 962 -1 955 956 964 963 -1 956 957 965 964 -1 957 958 966 965 -1 958 959 967 966 -1 959 952 960 967 -1 ] }
   } ] }
 ] }
 SliderJoint {
   jointParameters DEF SPRING_JOINT JointParameters { position -.006 axis 1 0 0 minStop -.010 maxStop 0 }
   endPoint DEF NEGATIVE_TERMINAL Solid {
     translation -.0061 -.0095 .0128 name "negative_terminal" newtonFriction .3
     children [ Shape { appearance PBRAppearance { baseColor .72 .74 .78 roughness .35 metalness .8 } geometry Box { size .0012 .012 .013 } } ]
     boundingObject Box { size .0012 .012 .013 }
     physics Physics { density -1 mass .002 centerOfMass [ 0 0 0 ] inertiaMatrix [ .0000000522 .0000000284 .0000000242 0 0 0 ] }
   }
 }
 ]
 boundingObject Group { children [ Pose { translation 0 0 0.003 children [ Box { size 0.134 0.041 0.006 } ] }
Pose { translation -0.041 0 0.0095 children [ Box { size 0.052 0.041 0.019 } ] }
Pose { translation 0 0.019 0.011 children [ Box { size 0.134 0.003 0.016 } ] }
Pose { translation 0 -0.019 0.011 children [ Box { size 0.134 0.003 0.016 } ] }
Pose { translation -0.065 0 0.011 children [ Box { size 0.004 0.038 0.016 } ] }
Pose { translation 0.065 0 0.011 children [ Box { size 0.004 0.038 0.016 } ] }
Pose { translation 0 0 0.011 children [ Box { size 0.134 0.002 0.012 } ] }
Pose { translation 0.046 0 0.01 children [ Box { size 0.003 0.038 0.012 } ] }
Pose { translation 0.0455 -0.0095 0.021 children [ Box { size 0.005 0.016 0.003 } ] }
Pose { translation 0.0445 -0.0095 0.0128 children [ Box { size 0.002 0.01 0.014 } ] } ] }
 
}
DEF BATTERY Solid {
 translation -.039 .0335 0.0228
 rotation 0 1 0 1.57079632679
 name "battery"
 newtonFriction .3
 newtonFrictionRolling .0001
 children [
 Shape { appearance PBRAppearance { baseColor .06 .065 .07 roughness .35 metalness .3 } geometry Cylinder { radius .0068 height .049 } }
 Pose { translation 0 0 .0195 children [ Shape { appearance PBRAppearance { baseColor .68 .44 .16 roughness .3 metalness .7 } geometry Cylinder { radius .0069 height .010 } } ] }
 ]
 boundingObject IndexedFaceSet { coord Coordinate { point [ 0.006800000 0.000000000 -0.024500000, 0.006741825 0.000887578 -0.024500000, 0.006568296 0.001759970 -0.024500000, 0.006282381 0.002602247 -0.024500000, 0.005888973 0.003400000 -0.024500000, 0.005394803 0.004139578 -0.024500000, 0.004808326 0.004808326 -0.024500000, 0.004139578 0.005394803 -0.024500000, 0.003400000 0.005888973 -0.024500000, 0.002602247 0.006282381 -0.024500000, 0.001759970 0.006568296 -0.024500000, 0.000887578 0.006741825 -0.024500000, 0.000000000 0.006800000 -0.024500000, -0.000887578 0.006741825 -0.024500000, -0.001759970 0.006568296 -0.024500000, -0.002602247 0.006282381 -0.024500000, -0.003400000 0.005888973 -0.024500000, -0.004139578 0.005394803 -0.024500000, -0.004808326 0.004808326 -0.024500000, -0.005394803 0.004139578 -0.024500000, -0.005888973 0.003400000 -0.024500000, -0.006282381 0.002602247 -0.024500000, -0.006568296 0.001759970 -0.024500000, -0.006741825 0.000887578 -0.024500000, -0.006800000 0.000000000 -0.024500000, -0.006741825 -0.000887578 -0.024500000, -0.006568296 -0.001759970 -0.024500000, -0.006282381 -0.002602247 -0.024500000, -0.005888973 -0.003400000 -0.024500000, -0.005394803 -0.004139578 -0.024500000, -0.004808326 -0.004808326 -0.024500000, -0.004139578 -0.005394803 -0.024500000, -0.003400000 -0.005888973 -0.024500000, -0.002602247 -0.006282381 -0.024500000, -0.001759970 -0.006568296 -0.024500000, -0.000887578 -0.006741825 -0.024500000, -0.000000000 -0.006800000 -0.024500000, 0.000887578 -0.006741825 -0.024500000, 0.001759970 -0.006568296 -0.024500000, 0.002602247 -0.006282381 -0.024500000, 0.003400000 -0.005888973 -0.024500000, 0.004139578 -0.005394803 -0.024500000, 0.004808326 -0.004808326 -0.024500000, 0.005394803 -0.004139578 -0.024500000, 0.005888973 -0.003400000 -0.024500000, 0.006282381 -0.002602247 -0.024500000, 0.006568296 -0.001759970 -0.024500000, 0.006741825 -0.000887578 -0.024500000, 0.006800000 0.000000000 0.024500000, 0.006741825 0.000887578 0.024500000, 0.006568296 0.001759970 0.024500000, 0.006282381 0.002602247 0.024500000, 0.005888973 0.003400000 0.024500000, 0.005394803 0.004139578 0.024500000, 0.004808326 0.004808326 0.024500000, 0.004139578 0.005394803 0.024500000, 0.003400000 0.005888973 0.024500000, 0.002602247 0.006282381 0.024500000, 0.001759970 0.006568296 0.024500000, 0.000887578 0.006741825 0.024500000, 0.000000000 0.006800000 0.024500000, -0.000887578 0.006741825 0.024500000, -0.001759970 0.006568296 0.024500000, -0.002602247 0.006282381 0.024500000, -0.003400000 0.005888973 0.024500000, -0.004139578 0.005394803 0.024500000, -0.004808326 0.004808326 0.024500000, -0.005394803 0.004139578 0.024500000, -0.005888973 0.003400000 0.024500000, -0.006282381 0.002602247 0.024500000, -0.006568296 0.001759970 0.024500000, -0.006741825 0.000887578 0.024500000, -0.006800000 0.000000000 0.024500000, -0.006741825 -0.000887578 0.024500000, -0.006568296 -0.001759970 0.024500000, -0.006282381 -0.002602247 0.024500000, -0.005888973 -0.003400000 0.024500000, -0.005394803 -0.004139578 0.024500000, -0.004808326 -0.004808326 0.024500000, -0.004139578 -0.005394803 0.024500000, -0.003400000 -0.005888973 0.024500000, -0.002602247 -0.006282381 0.024500000, -0.001759970 -0.006568296 0.024500000, -0.000887578 -0.006741825 0.024500000, -0.000000000 -0.006800000 0.024500000, 0.000887578 -0.006741825 0.024500000, 0.001759970 -0.006568296 0.024500000, 0.002602247 -0.006282381 0.024500000, 0.003400000 -0.005888973 0.024500000, 0.004139578 -0.005394803 0.024500000, 0.004808326 -0.004808326 0.024500000, 0.005394803 -0.004139578 0.024500000, 0.005888973 -0.003400000 0.024500000, 0.006282381 -0.002602247 0.024500000, 0.006568296 -0.001759970 0.024500000, 0.006741825 -0.000887578 0.024500000 ] } coordIndex [ 47 46 45 44 43 42 41 40 39 38 37 36 35 34 33 32 31 30 29 28 27 26 25 24 23 22 21 20 19 18 17 16 15 14 13 12 11 10 9 8 7 6 5 4 3 2 1 0 -1 48 49 50 51 52 53 54 55 56 57 58 59 60 61 62 63 64 65 66 67 68 69 70 71 72 73 74 75 76 77 78 79 80 81 82 83 84 85 86 87 88 89 90 91 92 93 94 95 -1 0 1 49 48 -1 1 2 50 49 -1 2 3 51 50 -1 3 4 52 51 -1 4 5 53 52 -1 5 6 54 53 -1 6 7 55 54 -1 7 8 56 55 -1 8 9 57 56 -1 9 10 58 57 -1 10 11 59 58 -1 11 12 60 59 -1 12 13 61 60 -1 13 14 62 61 -1 14 15 63 62 -1 15 16 64 63 -1 16 17 65 64 -1 17 18 66 65 -1 18 19 67 66 -1 19 20 68 67 -1 20 21 69 68 -1 21 22 70 69 -1 22 23 71 70 -1 23 24 72 71 -1 24 25 73 72 -1 25 26 74 73 -1 26 27 75 74 -1 27 28 76 75 -1 28 29 77 76 -1 29 30 78 77 -1 30 31 79 78 -1 31 32 80 79 -1 32 33 81 80 -1 33 34 82 81 -1 34 35 83 82 -1 35 36 84 83 -1 36 37 85 84 -1 37 38 86 85 -1 38 39 87 86 -1 39 40 88 87 -1 40 41 89 88 -1 41 42 90 89 -1 42 43 91 90 -1 43 44 92 91 -1 44 45 93 92 -1 45 46 94 93 -1 46 47 95 94 -1 47 0 48 95 -1 ] }
 physics Physics {
   density -1 mass .023 centerOfMass [ 0 0 0 ]
   inertiaMatrix [ .000004867 .000004867 .00000053176 0 0 0 ]
 }
}
DEF COMPARTMENT_CONTROLLER Robot {
 name "battery_compartment_controller" supervisor TRUE
 controller "battery_compartment" controllerArgs [ "--config" "O:/omnisim/.tmp/aloha-battery/retention-disabled-final/config.json" ]
}
